% n_vessels
2
% n_time_periods
14
% n_turbines
60
% n_technician_types
4
% port_location (lat, lon)
53.58402,-0.069405
% turbine_locations (turbine_nr, lat, lon)
1,53.535002,0.855212
2,53.472933,0.739318
3,53.479704,0.718264
4,53.466204,0.873963
5,53.429409,0.939545
6,53.493237,0.790438
7,53.442922,0.897408
8,53.409749,0.951811
9,53.475725,0.893225
10,53.487777,0.824404
11,53.435183,0.905063
12,53.47585,0.779441
13,53.506742,0.748516
14,53.449328,0.812774
15,53.51638,0.767127
16,53.415516,0.917773
17,53.459509,0.781451
18,53.491327,0.763896
19,53.530213,0.788906
20,53.421584,0.94706
21,53.477639,0.91958
22,53.51247,0.714033
23,53.435823,0.854733
24,53.500774,0.896583
25,53.469586,0.749857
26,53.483084,0.70801
27,53.437249,0.931826
28,53.516108,0.881128
29,53.43917,0.844249
30,53.454466,0.942671
31,53.491313,0.877353
32,53.531644,0.865789
33,53.483289,0.771295
34,53.485331,0.911996
35,53.470019,0.813526
36,53.468159,0.90081
37,53.455984,0.791918
38,53.462241,0.821123
39,53.452498,0.916209
40,53.529257,0.775562
41,53.531171,0.802074
42,53.442518,0.83393
43,53.423531,0.973484
44,53.444779,0.924381
45,53.460151,0.908414
46,53.482108,0.858993
47,53.471949,0.840214
48,53.52547,0.722428
49,53.486509,0.697265
50,53.499452,0.705712
51,53.432414,0.865175
52,53.439071,0.958104
53,53.497218,0.729484
54,53.452658,0.802567
55,53.533027,0.828728
56,53.506593,0.861867
57,53.504863,0.721618
58,53.477597,0.806023
59,53.528341,0.762289
60,53.462256,0.935029
% distance_matrix where both axis is (port, turbine 1, ..., turbine n)
0,33.21420975919511,29.717308058042075,28.890001123106938,34.515557797751626,37.32070631844038,31.260576809693614,35.65355913887758,38.062617092856954,35.07649835859281,32.517298261182006,36.0356365573557,31.080767730517557,29.64152599495602,32.61703403664935,30.212887457827232,36.79236424959677,31.376457580728776,30.346985163039207,30.882370943756438,37.7037521241513,35.98278200546186,28.36712571377003,34.28179978887019,34.93753487507439,30.131539878679447,28.48670902175769,36.93441552702357,34.262106585743744,33.86578028110997,37.07365047932101,34.34780220425542,33.61079686392026,30.701773497327416,35.63262232238168,32.34971788246044,35.43297107679078,31.79245648249948,32.71984262299278,36.17407821138936,30.41406047337645,31.34476381022602,33.45577024840192,38.58872493775963,36.56624587147377,35.80018101878544,33.79880976056445,33.259885139582096,28.553096645435648,28.066181656939083,28.2074006984327,34.6976680557213,37.82302263160816,29.069336165135738,32.21221302657151,32.282248620492034,33.65578620405837,28.710185574424294,31.990323530479664,29.94836999949232,36.706708663601354
33.21420975919511,0.0,5.581574881053374,5.925652343171934,4.18863993835931,7.028859613022978,3.417969641331438,5.736461060113216,8.285640618755771,3.813697671375245,3.0450056359017443,6.259065576345169,4.472718593903701,4.1815488851558635,5.3684939986220535,3.346903845954183,7.522617392211115,5.2505218539172835,4.193777583408684,2.3913693448062827,7.5694831901542825,4.147423260538369,5.23394744075329,5.960157135909646,2.53505988441637,5.450043174088154,6.12714225674565,6.484583501946929,1.4664488127981476,5.772386399945389,5.765968516347365,2.7426603993500196,0.42910058312399746,4.3237573334379285,3.612176037800029,4.181015476276989,4.336453824957633,5.262445533638703,4.539967385678761,5.418536870459993,2.872605048001027,1.9163854231328088,5.609898022566153,7.927833209154932,5.961767149162299,4.88546263010831,3.181546128182498,3.8270744466812445,4.788783852317878,6.364359614333015,5.765021599531945,6.175328328690156,6.843597161910553,5.043317840694867,5.295881145886168,0.9555885191821425,1.7237968654185072,5.115907254505377,3.873786322872272,3.3510382092683355,5.224087539754084
29.717308058042075,5.581574881053374,0.0,0.8574970455402848,4.844826515415291,7.643982674102224,2.2014825135731373,5.95004000679864,8.517497055190715,5.520525005185121,3.1778956255337305,6.3633423544152485,1.4491555912435081,2.0583127898723315,2.992046551752088,2.7946577858522144,7.2731640281344845,1.7127467192088084,1.4135321462804848,3.87372130416342,8.066403236641767,6.468910311213648,2.542894947949812,4.702331390670598,5.879772298763419,0.4280747954266632,1.2774418079986307,7.230359697369343,5.705884601888444,4.27573743996339,7.376522942478895,5.069798514694226,5.742947283550596,1.3043945635023957,6.234941139263324,2.6664890905797365,5.797534649603783,2.1437134826446367,3.002937332991129,6.461511644090808,3.6253529786563075,4.159855551520414,3.8543506096414926,8.909772876394834,6.849654205639478,6.112108768197812,4.325629060563508,3.6180337867656442,3.214683862170815,1.7141242764693285,1.9976521758214323,5.129395682126167,8.10698081936265,1.501364043582076,2.5747889824326053,4.827393322925776,4.835527871416253,2.020970177100032,2.4078674760782697,3.429952051301208,7.047139432585507
28.890001123106938,5.925652343171934,0.8574970455402848,0.0,5.641045401406759,8.493189001852318,2.711715550653661,6.794356730041244,9.374543728740491,6.276873113063369,3.8353665080245247,7.21434141947535,2.2053755687303234,1.9533196891256241,3.8495431633161803,2.814854356723018,8.130660175868677,2.5702381428794454,1.7784986449161908,3.9520370925661954,8.91975368085721,7.218042250121258,1.9748949626983983,5.559827860623177,6.515044389070565,1.2855675126435573,0.41996070663493384,8.073344263966543,6.2324447115638835,5.133234213225633,8.188635784536228,5.744781478438275,6.138135710244623,1.9131511189704677,6.95269688205051,3.464589611687288,6.581489911934716,3.0012105188516025,3.8344607999378404,7.284078674014889,3.616889540095121,4.310654502270216,4.711847179437406,9.757704536389744,7.684122017907564,6.918598311781521,5.046796575889917,4.396845605147592,2.7543455638196424,0.8566299369449127,1.2691544805494386,5.9868924816014335,8.941781530978602,1.126705626427799,3.432284635816766,5.092131638012975,5.3939964334627115,1.5166947765252965,3.148620960841838,3.3212762209609163,7.8426194863881475
34.515557797751626,4.18863993835931,4.844826515415291,5.641045401406759,0.0,3.228735079704499,3.406529219648841,1.6324023021586744,4.394676680014164,0.8968627886303856,2.1994111097791813,2.172519012880304,3.4383440107719263,5.113863969840948,2.417635886566895,4.87360583810794,3.4277488411241235,3.342001904003909,4.224756807760459,4.907701454096339,3.7507271000335476,1.7740776168048762,6.370626545023124,1.9517006118022882,2.2300922970764425,4.454841524649711,6.035665378355339,2.708507435789263,3.0099421461176274,1.9430313810604942,2.563148713478103,1.5138021789900233,3.9434979734308975,3.8213947521345,1.783374457809837,2.179236935067895,0.9698404081202285,3.005859522832445,1.9098118968113786,1.7245668821166358,5.175941398975536,4.677400091508931,2.021891590460964,4.396030604818035,2.2199316423236004,1.2879191626755429,1.0961349589866904,1.2584251345061188,6.493976760075961,6.451240506300309,6.353388689863409,2.054914594690004,3.4304947369727206,5.5042063876251,2.686912947711135,4.330482747802264,2.4655826139218955,5.934196538066647,2.530355704070943,5.473279134303794,2.2027128652985657
37.32070631844038,7.028859613022978,7.643982674102224,8.493189001852318,3.228735079704499,0.0,6.58092519769162,1.7163367533633158,1.2608392620812954,3.241552174570593,5.4182192364140445,1.2852182888048898,6.385277888284686,8.277586038338306,4.703672878635889,8.095145905652252,1.1436056748339944,5.953508031314709,7.316392807561294,8.115286124309788,0.5421096760768188,2.985517062173025,9.502423424742695,3.0680252846638223,4.5569752933601295,7.220422011719471,8.909085910429129,0.546541612044072,5.6153720682845165,3.4697714429277013,1.5099533789683872,4.337520818177996,6.688536789572827,6.84851833600652,3.5028518681082668,5.137382606446237,2.7117496933281275,5.53227242962523,4.684366514292847,1.6205850449462929,8.400063340514041,7.853837761780309,3.8709992923156284,1.2683520508599564,1.0720168350847705,2.158803149500876,4.286862902073921,4.385438473192245,9.690704643081475,9.342679837188472,9.382622944931017,2.6751850487511097,0.8835774770112086,8.564703842642617,5.109589576077683,7.3860947719538315,5.410404650379157,9.034829874556213,5.5968523625980735,8.702008771086124,1.9805556045280892
31.260576809693614,3.417969641331438,2.2014825135731373,2.711715550653661,3.406529219648841,6.58092519769162,0.0,4.884184313913564,7.660387091496999,3.831660615217812,1.260753975021871,5.391487148402992,1.1167458904278111,1.7073351820376472,2.7575488684190708,1.6222683982951969,6.532682997713506,2.052319180315197,0.958099970138534,2.2227490796010745,7.077992763885497,4.722829495344726,2.9714828192393647,4.149756202236723,3.830424757739727,2.0337715327259653,3.016649435414246,6.0850172645456535,3.5279009623111537,3.77893340094582,5.934519417519793,3.116964409302135,3.551391962748396,0.9100156482987167,4.382474751555739,1.622270695656867,4.233839382786656,2.2393325900662293,2.163269876144253,5.131096098738631,2.229247523645464,2.3174342211047714,3.4237505994081068,7.787703382519636,5.616680958464346,4.67355525941409,2.5465007227449408,2.195487137526685,3.1125286791608753,3.363667275493433,3.058966640629253,4.532510945022773,6.837016394877671,2.1973516903958874,2.4770495310408167,2.756605911258786,2.682280943916411,2.5630097471367765,1.0933575368689308,2.3381771280157166,5.507767775567154
35.65355913887758,5.736461060113216,5.95004000679864,6.794356730041244,1.6324023021586744,1.7163367533633158,4.884184313913564,0.0,2.790529646844176,1.9769784230784873,3.7575973080519742,0.5401280862506905,4.670787644555376,6.573009091683897,3.0606720448185056,6.426447606157981,1.8018449610236664,4.2773897540541945,5.601997734020324,6.530060899948623,2.195334313040874,2.232703885112434,7.790045359001979,1.5895852261173662,3.4767165745493998,5.5295966253858415,7.208287393968547,1.2811611508639582,4.436638941185929,1.9206630692361435,1.7657607599996692,2.995635583203079,5.450834861541796,5.13218186003737,2.601686337303822,3.421055588675671,1.5215034389462205,3.864859656252567,2.9725107645470077,0.8866180070628273,6.781700246946137,6.308767563509729,2.277675448716953,2.968446555570982,0.9741596384685393,1.1080856314991232,2.728246335843471,2.692752922955271,7.996685351586453,7.64030423584074,7.667011599287027,1.3177852754762103,2.1900793947164967,6.848385928269088,3.452361525256122,5.948089229065273,4.032876533858429,7.319728948084806,3.8838105247196366,7.0573024506567394,1.7807541794782478
38.062617092856954,8.285640618755771,8.517497055190715,9.374543728740491,4.394676680014164,1.2608392620812954,7.660387091496999,2.790529646844176,0.0,4.487535769900888,6.5481056772564505,2.2698167469265114,7.350315116856721,9.33482303766809,5.527940244894303,9.215630529731664,1.2703101292145338,6.805687353215779,8.335141354768028,9.301917569179741,0.7313805689565049,4.240522530321234,10.527375597709458,3.8207889265121286,5.817740250677809,8.089605269099957,9.794157846211267,1.801573096739654,6.8758901998683655,4.2464686259959965,2.7071765120322873,5.582055186988328,7.948101099160131,7.840392730549756,4.7613499479473536,6.143161694196109,3.958520173032687,6.375456429773197,5.6519235012961335,2.869173267933526,9.56643072282395,9.059190450900003,4.66694069160378,1.1363811976127074,2.32394585100888,3.405780139070064,5.476962109298453,5.477700570614394,10.771075454264992,10.230707991693627,10.343201486695813,3.3951937892514943,1.7764981642711128,9.55138302961982,5.944588055839326,8.623188066873535,6.654071820321522,10.041787686964945,6.632035709316987,9.847429644063553,3.2123210505396123
35.07649835859281,3.813697671375245,5.520525005185121,6.276873113063369,0.8968627886303856,3.241552174570593,3.831660615217812,1.9769784230784873,4.487535769900888,0.0,2.5711030786426514,2.4730714936987392,4.07932599639861,5.510933536703824,3.292517164806315,5.136837540552136,3.723860875241291,4.124793238857037,4.729650929975554,4.969067381477069,3.783594730248266,0.951819979303,6.790582890389431,2.7669540347686,1.510116542210016,5.153547590543444,6.654368053027851,2.6950239775355476,2.4652207261287584,2.8127244426657017,2.185454511389551,1.095989759869207,3.501262025789022,4.394554452625857,0.8865797994119554,2.878019373700892,0.5298025925412164,3.8216435248838634,2.709384734047162,1.6210066644235133,5.302972740925296,4.665576157246881,2.916308504361057,4.257657333243751,2.169560265381037,1.0828540281961645,1.2857284332919605,1.914105550085429,6.810864150299096,7.05439487683706,6.8703330224462755,2.79045268760755,3.204195343715409,6.00932164321673,3.5342937413284763,4.147008140410422,2.1688756274413463,6.3946696886621694,3.128275739467406,5.657442221911492,1.7035460770496569
32.517298261182006,3.0450056359017443,3.1778956255337305,3.8353665080245247,2.1994111097791813,5.4182192364140445,1.260753975021871,3.7575973080519742,6.5481056772564505,2.5711030786426514,0.0,4.284533683124361,1.7639439271669701,2.948493210855376,2.3479061530400545,2.6769555183964138,5.484067804727498,2.292897018211317,2.179064670559925,2.84966366572335,5.931219008294203,3.4656117070256216,4.223935037528399,3.3061892947853107,2.701947253551736,2.887378291117569,4.181466800051848,4.905231036945531,2.6512753421141606,3.0064594046819124,4.689256998976749,1.9095435846224091,3.0244603201142666,1.9226086740783184,3.142942837198654,1.1361791430185537,2.9820615692500763,2.2376427642710484,1.5390774158393365,3.915420681801604,3.0455245210058797,2.727690894404632,2.7411855602299737,6.595387885065846,4.419258377052466,3.439238982470889,1.2857529053999706,1.107227617518504,4.298579929818472,4.557534914113042,4.310970253359406,3.6341610074874464,5.617519286815518,3.4486698190053504,2.2510257316460955,2.723704655655761,1.7551897659446576,3.8236864472231273,0.8990970658300701,3.3005979866863115,4.252339615389305
36.0356365573557,6.259065576345169,6.3633423544152485,7.21434141947535,2.172519012880304,1.2852182888048898,5.391487148402992,0.5401280862506905,2.2698167469265114,2.4730714936987392,4.284533683124361,0.0,5.1259480748882424,7.071008481089277,3.4186645525211636,6.947268843139076,1.2668651214364786,4.669363493702716,6.083805752534898,7.067511730470876,1.7146114681989457,2.603958536826069,8.27530022172748,1.806520527309686,3.953371434859693,5.938887472481331,7.6311408669407506,0.9683761648282787,4.9382821244585955,2.1953611880043242,1.778587929586673,3.5164377973146674,5.9652864174728855,5.601308677264535,3.0238567361170205,3.8941020532261157,1.9875355977827633,4.2473976548033034,3.4222527637495497,1.1147322304668976,7.315006677948413,6.84853369453874,2.5902154062694387,2.5535479391409,0.9016727510596647,1.5052432926298682,3.2683698996772605,3.2081965654207747,8.50308330021626,8.065535342822205,8.125075992076944,1.441092505745057,1.9176109999802275,7.317069948324073,3.8243872071211342,6.485365796359843,4.562294921107293,7.797418646140588,4.372156926936332,7.5851267015238655,1.9500140464407711
31.080767730517557,4.472718593903701,1.4491555912435081,2.2053755687303234,3.4383440107719263,6.385277888284686,1.1167458904278111,4.670787644555376,7.350315116856721,4.07932599639861,1.7639439271669701,5.1259480748882424,0.0,2.1621120169485897,1.992304362019087,2.4752916101638673,6.146248104130712,0.9846460436733104,1.08422320983021,3.284491359188948,6.840558397352917,5.025220349410037,3.2151344111887803,3.6165090305980843,4.457641619641242,1.1255208418850966,2.5973213712087033,5.937574487208073,4.373894616840481,3.203416927480278,5.992889935576871,3.630575897880962,4.5621179540779275,0.5339699871486246,4.7857858324692515,1.271323318294086,4.3761146814023055,1.2749252306784808,1.7037189401365158,5.101478128971532,3.2124947032709916,3.421975120604263,2.7984737853289268,7.63809553514416,5.523373273617254,4.7199593212627,2.8765285486662675,2.1914707147681254,3.614527275636247,3.0145925152981006,2.999136241450991,4.03368604908792,6.778536118499005,2.2034269140027622,1.6217926207951232,3.8632274012706342,3.484171435558169,2.70821587012807,0.9587472440856202,3.2137445635609083,5.638428839128103
29.64152599495602,4.1815488851558635,2.0583127898723315,1.9533196891256241,5.113863969840948,8.277586038338306,1.7073351820376472,6.573009091683897,9.33482303766809,5.510933536703824,2.948493210855376,7.071008481089277,2.1621120169485897,0.0,4.14861948123736,0.8831283635863489,8.17933295214473,3.074172818931371,1.0778917644861012,2.0204191719226587,8.768343073530946,6.375114887490772,1.2823460049279447,5.715548439923051,5.31703144447869,2.2333969834904455,2.03181655146902,7.7870469730229885,4.783574002919815,5.317018650823857,7.63609072029375,4.708658796234735,4.458746527912036,1.6287258720049496,5.99783981225682,3.2092333078225352,5.930501218151283,3.424151263915046,3.7316099327950254,6.838430821249859,1.6640456910550383,2.415497087241821,4.926816054598012,9.491510347079954,7.3224787722583,6.378856286436097,4.226744621524626,3.8951968349502706,1.462796040937099,2.202548507645247,1.594945483787654,6.119556006464425,8.544351313436847,0.8902642955907126,3.7839041149541197,3.2783722159865207,4.060854443013331,0.9702444356813601,2.704623107422816,1.3885698903363901,7.200090594564358
32.61703403664935,5.3684939986220535,2.992046551752088,3.8495431633161803,2.417635886566895,4.703672878635889,2.7575488684190708,3.0606720448185056,5.527940244894303,3.292517164806315,2.3479061530400545,3.4186645525211636,1.992304362019087,4.14861948123736,0.0,4.349010035318304,4.281117860630463,1.2793215739757346,3.072723822395474,4.93546001924112,5.099177463052951,4.191109000261022,5.189106762463208,1.7102848968762836,4.3112088160497555,2.563976515206544,4.269478732595394,4.332682757951582,4.701975663685781,1.2836912461417258,4.669827060373793,3.424563872932599,5.29909929557655,2.5253802923823194,4.164150973094338,1.243706551944222,3.3541454673970965,0.8483396136994462,0.8317772334756764,3.7153479336409463,4.985028746815146,4.933261858776044,0.8623040615831666,5.971742303145597,4.0132942102987,3.4916385375986967,2.57439380344928,1.678224855906645,5.605615561088944,4.706166191265918,4.879235888887524,2.137349504310044,5.250462830151724,4.147302365147746,0.4172657142120867,5.0622645413996885,3.8652487831365403,4.670928687156473,1.715975583703392,5.081334964170252,4.453366216655579
30.212887457827232,3.346903845954183,2.7946577858522144,2.814854356723018,4.87360583810794,8.095145905652252,1.6222683982951969,6.426447606157981,9.215630529731664,5.136837540552136,2.6769555183964138,6.947268843139076,2.4752916101638673,0.8831283635863489,4.349010035318304,0.0,8.119305360992476,3.4559920250247638,1.5100009441606408,1.1398912312986302,8.606939789582734,5.938333458001881,1.9162273538491297,5.770628412576297,4.731481461867491,2.879376325459709,2.91386259115417,7.581359744454553,4.083243185543873,5.401191160331561,7.309845267113274,4.226705549410572,3.6502957640645977,1.9941986106770417,5.515875246374834,3.2445285998196085,5.59909250978926,3.7366685451243975,3.785515871102628,6.579738403725989,0.8307122153860595,1.5350247436381268,5.043520790205226,9.267223406609103,7.091670139504545,6.087750083806342,3.882935715613123,3.7402114849393797,1.6914597149408408,3.0802725220724603,2.4239518394487924,6.149657025038586,8.273952196499259,1.7733263321844353,4.034556794064679,2.4221876301218703,3.444300961300143,1.7710616372486823,2.715620007453043,0.7393836495967748,6.840381718331738
36.79236424959677,7.522617392211115,7.2731640281344845,8.130660175868677,3.4277488411241235,1.1436056748339944,6.532682997713506,1.8018449610236664,1.2703101292145338,3.723860875241291,5.484067804727498,1.2668651214364786,6.146248104130712,8.17933295214473,4.281117860630463,8.119305360992476,0.0,5.560426767678221,7.156921041559125,8.29799747198069,1.1128332648052894,3.733801563627686,9.345065716072098,2.570833122807593,5.179592174054117,6.845092828182444,8.550592109535254,1.4000451121370887,6.186206925485726,2.997428826226616,2.5054032153355528,4.7801595671095,7.2232596123059825,6.648259888650671,4.200602020363366,4.971677870952827,3.2215575686770155,5.129454961398161,4.462248632740741,2.2231116419402936,8.527523390565493,8.094037847096821,3.418813965660431,2.0571414284096345,1.7744548438633367,2.703247411275027,4.523379204962585,4.38683409034493,9.62914981647379,8.987280723923408,9.126518673723776,2.1437727514824907,2.0246364418144056,8.349629573153369,4.698375649611564,7.749885871252633,5.828911012444132,8.849875599041345,5.476450156580836,8.777775805900504,2.876243493262633
31.376457580728776,5.2505218539172835,1.7127467192088084,2.5702381428794454,3.342001904003909,5.953508031314709,2.052319180315197,4.2773897540541945,6.805687353215779,4.124793238857037,2.292897018211317,4.669363493702716,0.9846460436733104,3.074172818931371,1.2793215739757346,3.4559920250247638,5.560426767678221,0.0,2.0130086895140153,4.257332867679486,6.364302682852847,5.071377367278115,3.996080993133723,2.9895982585223115,4.814915527274184,1.2846722506461663,2.9901655070308677,5.558011168084029,4.932745647474596,2.563008854516143,5.790457200391945,3.9337593357096696,5.284464675235064,1.4747139932238382,4.931119025992459,1.3122290752431072,4.311841357070456,0.4310573006239529,1.4322376650014603,4.851841449762792,4.196800939235288,4.369464106619,2.1416203829870026,7.221455374454604,5.202945047969979,4.553675859624875,3.0942746028855885,2.235914186709846,4.492970047501663,3.4268544665022844,3.6240283535627906,3.416665786866919,6.455127876137439,2.9335875119359174,0.8620564538504398,4.731727956795882,4.0391918522633805,3.468226679571987,1.3992386265693133,4.193055963025043,5.510392845138147
30.346985163039207,4.193777583408684,1.4135321462804848,1.7784986449161908,4.224756807760459,7.316392807561294,0.958099970138534,5.601997734020324,8.335141354768028,4.729650929975554,2.179064670559925,6.083805752534898,1.08422320983021,1.0778917644861012,3.072723822395474,1.5100009441606408,7.156921041559125,2.0130086895140153,0.0,2.502704238589126,7.792717392530438,5.640652733505417,2.1923032052537588,4.662319155462152,4.788524573606251,1.4000937327215357,2.0633983474357187,6.843061830593458,4.456367879507597,4.25759169525267,6.78174501682627,4.066110252555178,4.380899263125387,0.5510501224308725,5.32024679765133,2.192002918688866,5.101757063432887,2.349559178268237,2.695245422205591,5.938754742482505,2.317393972516521,2.7574588831679128,3.861376168622069,8.550327404989401,6.3985077410113105,5.509508604941455,3.453218305505049,2.973269171533066,2.533144442573726,2.4055673080768374,2.141426914202296,5.072159644334721,7.639623425589523,1.282992632209095,2.706013442128813,3.4165856460646826,3.6283816985947297,1.7195083509764617,1.7207283709739902,2.225099234142447,6.379100973310744
30.882370943756438,2.3913693448062827,3.87372130416342,3.9520370925661954,4.907701454096339,8.115286124309788,2.2227490796010745,6.530060899948623,9.301917569179741,4.969067381477069,2.84966366572335,7.067511730470876,3.284491359188948,2.0204191719226587,4.93546001924112,1.1398912312986302,8.29799747198069,4.257332867679486,2.502704238589126,0.0,8.646629458959135,5.648075874614181,2.885651354813209,6.1435384082629,4.243173032579598,3.9027964298227436,4.052234282713135,7.579903481431912,3.4096494800365527,5.819720354671123,7.147504155149044,3.9374117260635435,2.7541340300886987,2.889612675186137,5.169104672476587,3.723361114257131,5.475778335800703,4.462081141484201,4.244773509868029,6.528870327732638,0.48123617308991834,0.4749839934855773,5.5115534638612305,9.213498458319602,7.066574947548572,6.005631827523752,3.8290788912018265,3.9546399994438444,2.397417953045909,4.204240721567405,3.506703886140919,6.481989164134975,8.171905351139321,2.908949686866165,4.686293462312359,1.4357946305020433,2.973768117538259,2.8511203053293244,3.220875081063235,0.959673800456891,6.6404594614768335
37.7037521241513,7.5694831901542825,8.066403236641767,8.91975368085721,3.7507271000335476,0.5421096760768188,7.077992763885497,2.195334313040874,0.7313805689565049,3.783594730248266,5.931219008294203,1.7146114681989457,6.840558397352917,8.768343073530946,5.099177463052951,8.606939789582734,1.1128332648052894,6.364302682852847,7.792717392530438,8.646629458959135,0.0,3.5098710192725817,9.982710355028875,3.4224136389858066,5.091571534877106,7.640495732721602,9.337539616114936,1.0886359616222672,6.152709103305998,3.8382145267531413,1.9822844312426742,4.879545195715019,7.22733442622146,7.314486915007572,4.032028312304317,5.60565313575888,3.2537949632558916,5.938337452986733,5.136863860087197,2.162596945505374,8.925929208031901,8.38974991381188,4.2504738025140725,0.9557124824806399,1.6141030238571914,2.7008011733494373,4.81755187174017,4.884054382582351,10.190118338127215,9.772701587409118,9.83968741931686,3.010256313665712,1.123132312654128,9.03060832765927,5.5110035410845315,7.927664998246861,5.952421660404569,9.50842051153133,6.076909464090219,9.221816316184338,2.48198074873998
35.98278200546186,4.147423260538369,6.468910311213648,7.218042250121258,1.7740776168048762,2.985517062173025,4.722829495344726,2.232703885112434,4.240522530321234,0.951819979303,3.4656117070256216,2.603958536826069,5.025220349410037,6.375114887490772,4.191109000261022,5.938333458001881,3.733801563627686,5.071377367278115,5.640652733505417,5.648075874614181,3.5098710192725817,0.0,7.6574491329654535,3.424107476527626,1.6162432042105759,6.104335804993715,7.591324713445583,2.466634367014559,2.69126418787134,3.555863333832339,1.6201521203430342,1.7222660461252517,3.774491756118239,5.326477135676535,0.5362664109516028,3.829837197341362,0.8817325877478841,4.759205505661963,3.649565917338844,1.5156641786567788,6.020527068904036,5.298351939967141,3.727002028938093,3.7831103206932934,1.9821962123887584,1.1246183112846664,2.1884632861154034,2.8659229175746788,7.626321812881325,7.986937251400866,7.7764496167349995,3.3458063934681443,2.6983230693203,6.91419309232952,4.45658947151129,4.6554911152994265,2.7028514213181127,7.280827845222175,4.071006385488973,6.406452158545426,1.0776983846939117
28.36712571377003,5.23394744075329,2.542894947949812,1.9748949626983983,6.370626545023124,9.502423424742695,2.9714828192393647,7.790045359001979,10.527375597709458,6.790582890389431,4.223935037528399,8.27530022172748,3.2151344111887803,1.2823460049279447,5.189106762463208,1.9162273538491297,9.345065716072098,3.996080993133723,2.1923032052537588,2.885651354813209,9.982710355028875,7.6574491329654535,0.0,6.831013041767851,6.577593603444393,2.879203763476559,1.7790857886553828,9.022427708847164,5.989161710054175,6.418538043129249,8.905996765266659,5.9881933187666965,5.5555562384283945,2.699135096406409,7.278472931317828,4.384292645113022,7.204134584608896,4.395050339560629,4.883007023632246,8.09382700678154,2.4235109398891774,3.3472805305967124,6.012224546036935,10.729363209283157,8.568005940497178,7.643686984487366,5.505533722485082,5.135990093906689,0.8370959860568485,1.6718158447552416,0.8371893678766438,7.246480586478009,9.79915718409731,1.070759859290406,4.794902959381609,4.2891957637236136,5.307617883859463,0.5318009960783565,3.90623635394782,1.9739448971494478,8.4761988401068
34.28179978887019,5.960157135909646,4.702331390670598,5.559827860623177,1.9517006118022882,3.0680252846638223,4.149756202236723,1.5895852261173662,3.8207889265121286,2.7669540347686,3.3061892947853107,1.806520527309686,3.6165090305980843,5.715548439923051,1.7102848968762836,5.770628412576297,2.570833122807593,2.9895982585223115,4.662319155462152,6.1435384082629,3.4224136389858066,3.424107476527626,6.831013041767851,0.0,4.181734897570339,4.274260840994682,5.979761835845586,2.767771214412568,4.9166206567761295,0.4265974749212605,3.347987024948882,3.431890856815838,5.771953680417726,4.134194090300421,3.6151367159043923,2.5313677421821783,2.551075186853831,2.558621961394284,1.9935286645689119,2.4226021318133264,6.291331340218739,6.032803186913683,0.8479808778861292,4.325545799894306,2.556360815331694,2.417864558540874,2.7856640600778717,2.2325627884880306,7.177534723246443,6.416449878262819,6.570810998917555,0.42706979416237556,3.7144696859967423,5.812443183894316,2.1275443243091514,5.915347194892004,4.260577249545989,6.324149040172973,3.058497590813577,6.472463877578246,3.2894889696599607
34.93753487507439,2.53505988441637,5.879772298763419,6.515044389070565,2.2300922970764425,4.5569752933601295,3.830424757739727,3.4767165745493998,5.817740250677809,1.510116542210016,2.701947253551736,3.953371434859693,4.457641619641242,5.31703144447869,4.3112088160497555,4.731481461867491,5.179592174054117,4.814915527274184,4.788524573606251,4.243173032579598,5.091571534877106,1.6162432042105759,6.577593603444393,4.181734897570339,0.0,5.583159233782015,6.841147262370816,4.021233346658498,1.0750311845218685,4.150488033721352,3.236394244271957,0.8933692179428135,2.158248914590636,4.611348285242508,1.0799813863689607,3.504090914006518,1.965835869186163,4.617751381709602,3.5607688150796335,2.9852307151885245,4.660485644595763,3.846509303773449,4.159624469316468,5.399351461885826,3.5094933732084237,2.477791419508812,1.7530299047592017,2.6613276346532992,6.412331478353427,7.194091741523682,6.839544291682657,4.259652061261561,4.314562084944187,5.991280400222867,4.44087187131749,3.108597391713495,1.2920247178228188,6.273571764354419,3.531910537418068,5.087521875979559,2.69393355759784
30.131539878679447,5.450043174088154,0.4280747954266632,1.2855675126435573,4.454841524649711,7.220422011719471,2.0337715327259653,5.5295966253858415,8.089605269099957,5.153547590543444,2.887378291117569,5.938887472481331,1.1255208418850966,2.2333969834904455,2.563976515206544,2.879376325459709,6.845092828182444,1.2846722506461663,1.4000937327215357,3.9027964298227436,7.640495732721602,6.104335804993715,2.879203763476559,4.274260840994682,5.583159233782015,0.0,1.7055036104069987,6.810408162508114,5.472398493673136,3.8476677498525595,6.974334464748455,4.753258069791364,5.582388535380663,1.1264170042037966,5.8891928075523134,2.2830943006841413,5.413439475059565,1.715647317674736,2.593419384797367,6.053754815359236,3.702316655209849,4.1469870306962235,3.4262803524734666,8.486813593804083,6.434737162795577,5.714153344175512,3.984381739512382,3.242920631634488,3.499209553043525,2.1421899897810097,2.3927083091548536,4.701326018296411,7.691515530032046,1.814021914700567,2.146717199625104,4.745622206362722,4.589391095974216,2.349182058143476,2.070481515133735,3.5588615072369603,6.654814021062986
28.48670902175769,6.12714225674565,1.2774418079986307,0.41996070663493384,6.035665378355339,8.909085910429129,3.016649435414246,7.208287393968547,9.794157846211267,6.654368053027851,4.181466800051848,7.6311408669407506,2.5973213712087033,2.03181655146902,4.269478732595394,2.91386259115417,8.550592109535254,2.9901655070308677,2.0633983474357187,4.052234282713135,9.337539616114936,7.591324713445583,1.7790857886553828,5.979761835845586,6.841147262370816,1.7055036104069987,0.0,8.486499405759695,6.512785799928848,5.553169857875383,8.588269438649663,6.089671255651556,6.361256446394662,2.268496663087085,7.3129870601575195,3.8634509156178845,6.970129050354303,3.4211508741593475,4.24457958899232,7.688569522336285,3.6818766417581164,4.439222568622309,5.131781994986241,10.172933261627382,8.09361684482297,7.316440836890341,5.412407312390369,4.786514088443587,2.5990326162527997,0.4366898898619756,0.9870727655178974,6.4068279692214425,9.351173512177228,1.1461894303155762,3.852217512408455,5.2640608013821755,5.691646353582281,1.3967028843896254,3.5289689717671933,3.3434054280088437,8.235222585184117
36.93441552702357,6.484583501946929,7.230359697369343,8.073344263966543,2.708507435789263,0.546541612044072,6.0850172645456535,1.2811611508639582,1.801573096739654,2.6950239775355476,4.905231036945531,0.9683761648282787,5.937574487208073,7.7870469730229885,4.332682757951582,7.581359744454553,1.4000451121370887,5.558011168084029,6.843061830593458,7.579903481431912,1.0886359616222672,2.466634367014559,9.022427708847164,2.767771214412568,4.021233346658498,6.810408162508114,8.486499405759695,0.0,5.075593036969956,3.144653589015339,1.1053833727691116,3.791000244881955,6.146681414443139,6.387654820693451,2.975694938316232,4.678122731438464,2.1652215478111887,5.144060375945708,4.2457958645104075,1.0740963431266513,7.87061108094651,7.313531097912121,3.526915616771079,1.707304862101369,0.5254755885235454,1.612315011099274,3.7537406134851192,3.8918559551379217,9.189697017735668,8.917757189744053,8.928129559593621,2.4094174182619326,0.9492728338342379,8.101400336567183,4.729024017093217,6.839927334028916,4.863886479325823,8.562569926076105,5.12237652123338,8.17911086197861,1.5071654939935792
34.262106585743744,1.4664488127981476,5.705884601888444,6.2324447115638835,3.0099421461176274,5.6153720682845165,3.5279009623111537,4.436638941185929,6.8758901998683655,2.4652207261287584,2.6512753421141606,4.9382821244585955,4.373894616840481,4.783574002919815,4.701975663685781,4.083243185543873,6.186206925485726,4.932745647474596,4.456367879507597,3.4096494800365527,6.152709103305998,2.69126418787134,5.989161710054175,4.9166206567761295,1.0750311845218685,5.472398493673136,6.512785799928848,5.075593036969956,0.0,4.80887454647277,4.31141611920698,1.4961783780476805,1.0832417463393538,4.401998854109848,2.15500838602734,3.6797399335439374,2.9665600570251947,4.824827609182975,3.8863857811795866,4.024131439136215,3.862216729192934,2.9722087029166744,4.734985463748646,6.47437441942862,4.558299542526407,3.5020412484149572,2.1917645264560126,3.0318297694675627,5.711378045920458,6.823706881692805,6.363397616074756,5.061973408186605,5.389586986954543,5.550041673198145,4.740108571264512,2.134216557317005,0.8961026550002672,5.75381609698863,3.549516557240316,4.3189210757703655,3.7689596864686155
33.86578028110997,5.772386399945389,4.27573743996339,5.133234213225633,1.9430313810604942,3.4697714429277013,3.77893340094582,1.9206630692361435,4.2464686259959965,2.8127244426657017,3.0064594046819124,2.1953611880043242,3.203416927480278,5.317018650823857,1.2836912461417258,5.401191160331561,2.997428826226616,2.563008854516143,4.25759169525267,5.819720354671123,3.8382145267531413,3.555863333832339,6.418538043129249,0.4265974749212605,4.150488033721352,3.8476677498525595,5.553169857875383,3.144653589015339,4.80887454647277,0.0,3.648657004121969,3.3508389959409635,5.610572798379928,3.72491339278143,3.6875661897222782,2.156663519788743,2.6741447142761556,2.132026317029909,1.615680922493127,2.7030722033583054,5.947295393631523,5.731715275899235,0.4213884921004599,4.732357029588639,2.8948210041001885,2.6245171747773366,2.6339592904992757,1.975144002283561,6.779760904267046,5.98985742286588,6.148126886113276,0.8536582806180472,4.085386725707653,5.394790344785098,1.7009531746220268,5.667677868064015,4.10070021442787,5.9091167084509335,2.6855758677755106,6.111182372681438,3.539713449906891
37.07365047932101,5.765968516347365,7.376522942478895,8.188635784536228,2.563148713478103,1.5099533789683872,5.934519417519793,1.7657607599996692,2.7071765120322873,2.185454511389551,4.689256998976749,1.778587929586673,5.992889935576871,7.63609072029375,4.669827060373793,7.309845267113274,2.5054032153355528,5.790457200391945,6.78174501682627,7.147504155149044,1.9822844312426742,1.6201521203430342,8.905996765266659,3.347987024948882,3.236394244271957,6.974334464748455,8.588269438649663,1.1053833727691116,4.31141611920698,3.648657004121969,0.0,3.2229886828328285,5.394643155879108,6.384519563022943,2.1564134599555222,4.724873071691802,1.7120119065652621,5.408091976664548,4.384422297622652,0.9565373633643802,7.487792047693456,6.8290149695085525,3.966548064713479,2.162958307250855,0.8771437551856267,1.2753076624088295,3.429634406456956,3.8215738351317263,8.97288075853202,9.007482376096373,8.91486699567601,3.080110667404717,1.0781740900282353,8.063296789372632,5.026726976469654,6.241964708942047,4.266529654067929,8.483367027955897,5.0934949767891995,7.8421862281760095,0.5424717981742473
34.34780220425542,2.7426603993500196,5.069798514694226,5.744781478438275,1.5138021789900233,4.337520818177996,3.116964409302135,2.995635583203079,5.582055186988328,1.095989759869207,1.9095435846224091,3.5164377973146674,3.630575897880962,4.708658796234735,3.424563872932599,4.226705549410572,4.7801595671095,3.9337593357096696,4.066110252555178,3.9374117260635435,4.879545195715019,1.7222660461252517,5.9881933187666965,3.431890856815838,0.8933692179428135,4.753258069791364,6.089671255651556,3.791000244881955,1.4961783780476805,3.3508389959409635,3.2229886828328285,0.0,2.458834383737051,3.8317634698859604,1.2926285488237652,2.621561576874832,1.6257846022740465,3.7269536939944508,2.6675876717271305,2.7169484070758076,4.300660790862443,3.606798759990303,3.320092876846859,5.33667409252878,3.265542899418506,2.178750120474907,0.8596780561935465,1.7681922284932163,5.917447372562231,6.460872251622836,6.170155843781016,3.566346910917254,4.2710198988034875,5.310880096304867,3.5476977538552714,3.0525181205758196,1.072887493040028,5.639491010471722,2.6863417153295135,4.684187115311317,2.7063937567768934
33.61079686392026,0.42910058312399746,5.742947283550596,6.138135710244623,3.9434979734308975,6.688536789572827,3.551391962748396,5.450834861541796,7.948101099160131,3.501262025789022,3.0244603201142666,5.9652864174728855,4.5621179540779275,4.458746527912036,5.29909929557655,3.6502957640645977,7.2232596123059825,5.284464675235064,4.380899263125387,2.7541340300886987,7.22733442622146,3.774491756118239,5.5555562384283945,5.771953680417726,2.158248914590636,5.582388535380663,6.361256446394662,6.146681414443139,1.0832417463393538,5.610572798379928,5.394643155879108,2.458834383737051,0.0,4.461380662405553,3.2382300740608856,4.14986715125762,4.016189338908103,5.261283409186806,4.467323834915762,5.087930158236506,3.2337916731765373,2.2814630533977494,5.47637302734936,7.557600219331964,5.626696287580659,4.5598002454131175,2.986801548819919,3.702546681966215,5.146709107801524,6.618425069211651,6.051199700493367,5.963234457514967,6.472810397994772,5.302526947726199,5.25967278514686,1.3295231997968733,1.5119798425835993,5.4085748859142,3.8902564569947407,3.7112047817675125,4.852181736675183
30.701773497327416,4.3237573334379285,1.3043945635023957,1.9131511189704677,3.8213947521345,6.84851833600652,0.9100156482987167,5.13218186003737,7.840392730549756,4.394554452625857,1.9226086740783184,5.601308677264535,0.5339699871486246,1.6287258720049496,2.5253802923823194,1.9941986106770417,6.648259888650671,1.4747139932238382,0.5510501224308725,2.889612675186137,7.314486915007572,5.326477135676535,2.699135096406409,4.134194090300421,4.611348285242508,1.1264170042037966,2.268496663087085,6.387654820693451,4.401998854109848,3.72491339278143,6.384519563022943,3.8317634698859604,4.461380662405553,0.0,5.044813679193543,1.7111880705430451,4.731488079395969,1.7998081358559381,2.188971086990776,5.515958139910062,2.7666694344456033,3.081501858963563,3.3239458857617326,8.092958026806192,5.957712905671446,5.109228066841077,3.1443890067871125,2.562997051917376,3.0807041343538866,2.6605591654160907,2.543176427642764,4.548055630947032,7.207395798418459,1.7164191223422578,2.155414227442951,3.628689349545427,3.5349191212726243,2.202289014800795,1.2910502741930485,2.726553685704269,6.005043146199032
35.63262232238168,3.612176037800029,6.234941139263324,6.95269688205051,1.783374457809837,3.5028518681082668,4.382474751555739,2.601686337303822,4.7613499479473536,0.8865797994119554,3.142942837198654,3.0238567361170205,4.7857858324692515,5.99783981225682,4.164150973094338,5.515875246374834,4.200602020363366,4.931119025992459,5.32024679765133,5.169104672476587,4.032028312304317,0.5362664109516028,7.278472931317828,3.6151367159043923,1.0799813863689607,5.8891928075523134,7.3129870601575195,2.975694938316232,2.15500838602734,3.6875661897222782,2.1564134599555222,1.2926285488237652,3.2382300740608856,5.044813679193543,0.0,3.6480891388630288,1.1071273702675888,4.6526856069292295,3.5412534719318,1.9788585066486797,5.555003898117874,4.805760527409923,3.802230138049803,4.319370154714557,2.4770926894864758,1.518621690160909,1.909726311897575,2.6960462071377935,7.20719118520655,7.696902834288367,7.4412326166704545,3.5961710916501297,3.2345807090286924,6.57982420810405,4.387654562710961,4.136845977059719,2.2044183299048763,6.9224611484490195,3.8271028730168255,5.953609410437832,1.6139522600826886
32.34971788246044,4.181015476276989,2.6664890905797365,3.464589611687288,2.179236935067895,5.137382606446237,1.622270695656867,3.421055588675671,6.143161694196109,2.878019373700892,1.1361791430185537,3.8941020532261157,1.271323318294086,3.2092333078225352,1.243706551944222,3.2445285998196085,4.971677870952827,1.3122290752431072,2.192002918688866,3.723361114257131,5.60565313575888,3.829837197341362,4.384292645113022,2.5313677421821783,3.504090914006518,2.2830943006841413,3.8634509156178845,4.678122731438464,3.6797399335439374,2.156663519788743,4.724873071691802,2.621561576874832,4.14986715125762,1.7111880705430451,3.6480891388630288,0.0,3.1317444480278245,1.145361859125279,0.5410104663632523,3.8301562131866693,3.8109439045869595,3.697757811420812,1.8074497571960557,6.382512005455763,4.255517541357879,3.45401376127667,1.7846092509314897,0.9639143073205682,4.66476610208204,4.284066829682686,4.2500218839701045,2.922265107400478,5.509317548433508,3.4273345674726907,1.1148751873293,3.8254331068107765,2.7986839241658834,3.9033165974669077,0.5289143037971862,3.956582420978731,4.381948273565091
35.43297107679078,4.336453824957633,5.797534649603783,6.581489911934716,0.9698404081202285,2.7117496933281275,4.233839382786656,1.5215034389462205,3.958520173032687,0.5298025925412164,2.9820615692500763,1.9875355977827633,4.3761146814023055,5.930501218151283,3.3541454673970965,5.59909250978926,3.2215575686770155,4.311841357070456,5.101757063432887,5.475778335800703,3.2537949632558916,0.8817325877478841,7.204134584608896,2.551075186853831,1.965835869186163,5.413439475059565,6.970129050354303,2.1652215478111887,2.9665600570251947,2.6741447142761556,1.7120119065652621,1.6257846022740465,4.016189338908103,4.731488079395969,1.1071273702675888,3.1317444480278245,0.0,3.9731399840241655,2.8796493510034518,1.0912161105307339,5.7984846361562195,5.1822166643034455,2.851142862885427,3.7403931003278488,1.6397593137801187,0.5531255905484809,1.7176573780496716,2.1846510003895028,7.260890883854474,7.379964185797196,7.241656676081761,2.4996692679848906,2.6979997852911506,6.384739978834199,3.644483965995947,4.676188584115315,2.698672065851451,6.790865050935699,3.445484674014014,6.14140312707571,1.277351310760366
31.79245648249948,5.262445533638703,2.1437134826446367,3.0012105188516025,3.005859522832445,5.53227242962523,2.2393325900662293,3.864859656252567,6.375456429773197,3.8216435248838634,2.2376427642710484,4.2473976548033034,1.2749252306784808,3.424151263915046,0.8483396136994462,3.7366685451243975,5.129454961398161,0.4310573006239529,2.349559178268237,4.462081141484201,5.938337452986733,4.759205505661963,4.395050339560629,2.558621961394284,4.617751381709602,1.715647317674736,3.4211508741593475,5.144060375945708,4.824827609182975,2.132026317029909,5.408091976664548,3.7269536939944508,5.261283409186806,1.7998081358559381,4.6526856069292295,1.145361859125279,3.9731399840241655,0.0,1.1128966206056878,4.463185963978831,4.442166369114382,4.532981189370825,1.7106414586480183,6.800551656629065,4.799295669062124,4.185785026434154,2.8721417648348786,1.9799385515697727,4.862008887937138,3.85783653776397,4.046547129094209,2.9856840153191966,6.047976176595149,3.339191974155034,0.43110805513601624,4.814132210402462,3.9416978992268707,3.87026191270649,1.3938311901033855,4.4760477888684935,5.146564161015469
32.71984262299278,4.539967385678761,3.002937332991129,3.8344607999378404,1.9098118968113786,4.684366514292847,2.163269876144253,2.9725107645470077,5.6519235012961335,2.709384734047162,1.5390774158393365,3.4222527637495497,1.7037189401365158,3.7316099327950254,0.8317772334756764,3.785515871102628,4.462248632740741,1.4322376650014603,2.695245422205591,4.244773509868029,5.136863860087197,3.649565917338844,4.883007023632246,1.9935286645689119,3.5607688150796335,2.593419384797367,4.24457958899232,4.2457958645104075,3.8863857811795866,1.615680922493127,4.384422297622652,2.6675876717271305,4.467323834915762,2.188971086990776,3.5412534719318,0.5410104663632523,2.8796493510034518,1.1128966206056878,0.0,3.4603389392403954,4.345668251087049,4.198200140766165,1.2711596500115634,5.94095642837478,3.849667641759369,3.1330991836576434,1.8080485891000688,0.8994453348693439,5.191078826497087,4.6739796040689106,4.702826471736626,2.3896504727905152,5.107329210146815,3.8999860627866045,0.8801106489179168,4.26259207848986,3.039210000249575,4.391151454381125,1.0699203478915518,4.497098280486946,4.084992774852303
36.17407821138936,5.418536870459993,6.461511644090808,7.284078674014889,1.7245668821166358,1.6205850449462929,5.131096098738631,0.8866180070628273,2.869173267933526,1.6210066644235133,3.915420681801604,1.1147322304668976,5.101478128971532,6.838430821249859,3.7153479336409463,6.579738403725989,2.2231116419402936,4.851841449762792,5.938754742482505,6.528870327732638,2.162596945505374,1.5156641786567788,8.09382700678154,2.4226021318133264,2.9852307151885245,6.053754815359236,7.688569522336285,1.0740963431266513,4.024131439136215,2.7030722033583054,0.9565373633643802,2.7169484070758076,5.087930158236506,5.515958139910062,1.9788585066486797,3.8301562131866693,1.0912161105307339,4.463185963978831,3.4603389392403954,0.0,6.83269634448148,6.251675716098253,3.0120921404181176,2.6933457901734164,0.5487433711325848,0.5382199864635251,2.7158183359335415,2.9654876087622877,8.213744540710946,8.112307685068439,8.056847235363017,2.193062916012897,1.7059424563046257,7.213781338623016,4.07646228679446,5.766121727167758,3.789827107145007,7.652823905155288,4.229415609251227,7.155652084658268,0.8941549571800821
30.41406047337645,2.872605048001027,3.6253529786563075,3.616889540095121,5.175941398975536,8.400063340514041,2.229247523645464,6.781700246946137,9.56643072282395,5.302972740925296,3.0455245210058797,7.315006677948413,3.2124947032709916,1.6640456910550383,4.985028746815146,0.8307122153860595,8.527523390565493,4.196800939235288,2.317393972516521,0.48123617308991834,8.925929208031901,6.020527068904036,2.4235109398891774,6.291331340218739,4.660485644595763,3.702316655209849,3.6818766417581164,7.87061108094651,3.862216729192934,5.947295393631523,7.487792047693456,4.300660790862443,3.2337916731765373,2.7666694344456033,5.555003898117874,3.8109439045869595,5.7984846361562195,4.442166369114382,4.345668251087049,6.83269634448148,0.0,0.9562196770020976,5.616717734397813,9.524515648277669,7.363684005309145,6.317595728246272,4.118551357949791,4.150517181413407,1.9161820065370818,3.803568623274296,3.07699709386258,6.647463882238739,8.49619132014542,2.5359958413842594,4.703840424227252,1.9170305263154241,3.3778505410126103,2.425286437692684,3.290744379521493,0.47844010362492667,6.9904747910356635
31.34476381022602,1.9163854231328088,4.159855551520414,4.310654502270216,4.677400091508931,7.853837761780309,2.3174342211047714,6.308767563509729,9.059190450900003,4.665576157246881,2.727690894404632,6.84853369453874,3.421975120604263,2.415497087241821,4.933261858776044,1.5350247436381268,8.094037847096821,4.369464106619,2.7574588831679128,0.4749839934855773,8.38974991381188,5.298351939967141,3.3472805305967124,6.032803186913683,3.846509303773449,4.1469870306962235,4.439222568622309,7.313531097912121,2.9722087029166744,5.731715275899235,6.8290149695085525,3.606798759990303,2.2814630533977494,3.081501858963563,4.805760527409923,3.697757811420812,5.1822166643034455,4.532981189370825,4.198200140766165,6.251675716098253,0.9562196770020976,0.0,5.44855482018057,8.92212784175306,6.794845498731893,5.721570345005109,3.5848849345789,3.812280754646589,2.872400289343892,4.615289760293988,3.9428800454037534,6.351208838568496,7.868358447504659,3.305117006870289,4.718253550555583,0.9608144186154893,2.6014543160518615,3.2868078288614173,3.222631043402219,1.434654871611917,6.31267266959988
33.45577024840192,5.609898022566153,3.8543506096414926,4.711847179437406,2.021891590460964,3.8709992923156284,3.4237505994081068,2.277675448716953,4.66694069160378,2.916308504361057,2.7411855602299737,2.5902154062694387,2.7984737853289268,4.926816054598012,0.8623040615831666,5.043520790205226,3.418813965660431,2.1416203829870026,3.861376168622069,5.5115534638612305,4.2504738025140725,3.727002028938093,6.012224546036935,0.8479808778861292,4.159624469316468,3.4262803524734666,5.131781994986241,3.526915616771079,4.734985463748646,0.4213884921004599,3.966548064713479,3.320092876846859,5.47637302734936,3.3239458857617326,3.802230138049803,1.8074497571960557,2.851142862885427,1.7106414586480183,1.2711596500115634,3.0120921404181176,5.616717734397813,5.44855482018057,0.0,5.136570158364575,3.2480906266830565,2.874344548406953,2.5432657331661606,1.7829422727712765,6.389353802898699,5.568469756112501,5.730746459446133,1.275046001854627,4.460289626445045,4.983067464724414,1.2795648796162644,5.442308152241696,3.978698615786866,5.500149692843485,2.333589507834249,5.761400101068348,3.815587449661503
38.58872493775963,7.927833209154932,8.909772876394834,9.757704536389744,4.396030604818035,1.2683520508599564,7.787703382519636,2.968446555570982,1.1363811976127074,4.257657333243751,6.595387885065846,2.5535479391409,7.63809553514416,9.491510347079954,5.971742303145597,9.267223406609103,2.0571414284096345,7.221455374454604,8.550327404989401,9.213498458319602,0.9557124824806399,3.7831103206932934,10.729363209283157,4.325545799894306,5.399351461885826,8.486813593804083,10.172933261627382,1.707304862101369,6.47437441942862,4.732357029588639,2.162958307250855,5.33667409252878,7.557600219331964,8.092958026806192,4.319370154714557,6.382512005455763,3.7403931003278488,6.800551656629065,5.94095642837478,2.6933457901734164,9.524515648277669,8.92212784175306,5.136570158364575,0.0,2.176131156976035,3.2083885503426632,5.40905844316254,5.596844118947859,10.887849084511767,10.605911045195807,10.631920442292875,3.92387670920754,1.084791678757403,9.807508329605298,6.377933205530195,8.38020721718669,6.398191456562156,10.269832526773826,6.829621892507089,9.84888514471554,2.70541906292166
36.56624587147377,5.961767149162299,6.849654205639478,7.684122017907564,2.2199316423236004,1.0720168350847705,5.616680958464346,0.9741596384685393,2.32394585100888,2.169560265381037,4.419258377052466,0.9016727510596647,5.523373273617254,7.3224787722583,4.0132942102987,7.091670139504545,1.7744548438633367,5.202945047969979,6.3985077410113105,7.066574947548572,1.6141030238571914,1.9821962123887584,8.568005940497178,2.556360815331694,3.5094933732084237,6.434737162795577,8.09361684482297,0.5254755885235454,4.558299542526407,2.8948210041001885,0.8771437551856267,3.265542899418506,5.626696287580659,5.957712905671446,2.4770926894864758,4.255517541357879,1.6397593137801187,4.799295669062124,3.849667641759369,0.5487433711325848,7.363684005309145,6.794845498731893,3.2480906266830565,2.176131156976035,0.0,1.0869217633622867,3.2451438917700335,3.4320159847424754,8.712788834602264,8.521711076123916,8.500862112659725,2.2506757460708307,1.2576618702749132,7.665800634859734,4.39556057324316,6.314837179278608,4.338430295303333,8.116835886514275,4.680542259888436,7.6791962622212475,1.1175636909027233
35.80018101878544,4.88546263010831,6.112108768197812,6.918598311781521,1.2879191626755429,2.158803149500876,4.67355525941409,1.1080856314991232,3.405780139070064,1.0828540281961645,3.439238982470889,1.5052432926298682,4.7199593212627,6.378856286436097,3.4916385375986967,6.087750083806342,2.703247411275027,4.553675859624875,5.509508604941455,6.005631827523752,2.7008011733494373,1.1246183112846664,7.643686984487366,2.417864558540874,2.477791419508812,5.714153344175512,7.316440836890341,1.612315011099274,3.5020412484149572,2.6245171747773366,1.2753076624088295,2.178750120474907,4.5598002454131175,5.109228066841077,1.518621690160909,3.45401376127667,0.5531255905484809,4.185785026434154,3.1330991836576434,0.5382199864635251,6.317595728246272,5.721570345005109,2.874344548406953,3.2083885503426632,1.0869217633622867,0.0,2.209316903486843,2.5463242177487015,7.735179439295164,7.734362144087317,7.640651917017227,2.277001057668824,2.186835945297032,6.79022439567398,3.8231054923485535,5.228135322501049,3.2516211486810565,7.214848221771277,3.818217251337305,6.649328376726664,0.9628588005361183
33.79880976056445,3.181546128182498,4.325629060563508,5.046796575889917,1.0961349589866904,4.286862902073921,2.5465007227449408,2.728246335843471,5.476962109298453,1.2857284332919605,1.2857529053999706,3.2683698996772605,2.8765285486662675,4.226744621524626,2.57439380344928,3.882935715613123,4.523379204962585,3.0942746028855885,3.453218305505049,3.8290788912018265,4.81755187174017,2.1884632861154034,5.505533722485082,2.7856640600778717,1.7530299047592017,3.984381739512382,5.412407312390369,3.7537406134851192,2.1917645264560126,2.6339592904992757,3.429634406456956,0.8596780561935465,2.986801548819919,3.1443890067871125,1.909726311897575,1.7846092509314897,1.7176573780496716,2.8721417648348786,1.8080485891000688,2.7158183359335415,4.118551357949791,3.5848849345789,2.5432657331661606,5.40905844316254,3.2451438917700335,2.209316903486843,0.0,0.9088213872096664,5.543475250120069,5.803047753263117,5.591409127042081,2.9945521704023585,4.395864474913008,4.729553171111844,2.6881386159346605,3.2463823211566383,1.4750210405732378,5.109428877482214,1.9181217930780914,4.44101517262467,2.975831840003856
33.259885139582096,3.8270744466812445,3.6180337867656442,4.396845605147592,1.2584251345061188,4.385438473192245,2.195487137526685,2.692752922955271,5.477700570614394,1.914105550085429,1.107227617518504,3.2081965654207747,2.1914707147681254,3.8951968349502706,1.678224855906645,3.7402114849393797,4.38683409034493,2.235914186709846,2.973269171533066,3.9546399994438444,4.884054382582351,2.8659229175746788,5.135990093906689,2.2325627884880306,2.6613276346532992,3.242920631634488,4.786514088443587,3.8918559551379217,3.0318297694675627,1.975144002283561,3.8215738351317263,1.7681922284932163,3.702546681966215,2.562997051917376,2.6960462071377935,0.9639143073205682,2.1846510003895028,1.9799385515697727,0.8994453348693439,2.9654876087622877,4.150517181413407,3.812280754646589,1.7829422727712765,5.596844118947859,3.4320159847424754,2.5463242177487015,0.9088213872096664,0.0,5.306373559362039,5.198672811784375,5.096410209992098,2.5389533900500214,4.6673616940271865,4.249583932583824,1.7795442399145873,3.6934729543504212,2.2218563694483313,4.688251241189685,1.2719474867003404,4.3909426454340945,3.4494846340633014
28.553096645435648,4.788783852317878,3.214683862170815,2.7543455638196424,6.493976760075961,9.690704643081475,3.1125286791608753,7.996685351586453,10.771075454264992,6.810864150299096,4.298579929818472,8.50308330021626,3.614527275636247,1.462796040937099,5.605615561088944,1.6914597149408408,9.62914981647379,4.492970047501663,2.533144442573726,2.397417953045909,10.190118338127215,7.626321812881325,0.8370959860568485,7.177534723246443,6.412331478353427,3.499209553043525,2.5990326162527997,9.189697017735668,5.711378045920458,6.779760904267046,8.97288075853202,5.917447372562231,5.146709107801524,3.0807041343538866,7.20719118520655,4.66476610208204,7.260890883854474,4.862008887937138,5.191078826497087,8.213744540710946,1.9161820065370818,2.872400289343892,6.389353802898699,10.887849084511767,8.712788834602264,7.735179439295164,5.543475250120069,5.306373559362039,0.0,2.50891178728058,1.674283212467589,7.580177471156751,9.91600925385368,1.716514039674219,5.234077313395181,3.8332125211303834,5.121570716117244,1.238717528073232,4.153048675128501,1.4377457153184952,8.513361673354376
28.066181656939083,6.364359614333015,1.7141242764693285,0.8566299369449127,6.451240506300309,9.342679837188472,3.363667275493433,7.64030423584074,10.230707991693627,7.05439487683706,4.557534914113042,8.065535342822205,3.0145925152981006,2.202548507645247,4.706166191265918,3.0802725220724603,8.987280723923408,3.4268544665022844,2.4055673080768374,4.204240721567405,9.772701587409118,7.986937251400866,1.6718158447552416,6.416449878262819,7.194091741523682,2.1421899897810097,0.4366898898619756,8.917757189744053,6.823706881692805,5.98985742286588,9.007482376096373,6.460872251622836,6.618425069211651,2.6605591654160907,7.696902834288367,4.284066829682686,7.379964185797196,3.85783653776397,4.6739796040689106,8.112307685068439,3.803568623274296,4.615289760293988,5.568469756112501,10.605911045195807,8.521711076123916,7.734362144087317,5.803047753263117,5.198672811784375,2.50891178728058,0.0,0.8346373064211927,6.843515634616409,9.77904979924186,1.321894174124183,4.288905606721901,5.476583145549284,6.020554083617293,1.4064629070305013,3.9351700017536007,3.427254398918124,8.648156185695294
28.2074006984327,5.765021599531945,1.9976521758214323,1.2691544805494386,6.353388689863409,9.382622944931017,3.058966640629253,7.667011599287027,10.343201486695813,6.8703330224462755,4.310970253359406,8.125075992076944,2.999136241450991,1.594945483787654,4.879235888887524,2.4239518394487924,9.126518673723776,3.6240283535627906,2.141426914202296,3.506703886140919,9.83968741931686,7.7764496167349995,0.8371893678766438,6.570810998917555,6.839544291682657,2.3927083091548536,0.9870727655178974,8.928129559593621,6.363397616074756,6.148126886113276,8.91486699567601,6.170155843781016,6.051199700493367,2.543176427642764,7.4412326166704545,4.2500218839701045,7.241656676081761,4.046547129094209,4.702826471736626,8.056847235363017,3.07699709386258,3.9428800454037534,5.730746459446133,10.631920442292875,8.500862112659725,7.640651917017227,5.591409127042081,5.096410209992098,1.674283212467589,0.8346373064211927,0.0,6.9949036351598055,9.75032983828432,0.8623231236774932,4.4682277927718665,4.84611413300498,5.611228169166801,0.65614245907057,3.8275995009070294,2.668499115556731,8.518849045465789
34.6976680557213,6.175328328690156,5.129395682126167,5.9868924816014335,2.054914594690004,2.6751850487511097,4.532510945022773,1.3177852754762103,3.3951937892514943,2.79045268760755,3.6341610074874464,1.441092505745057,4.03368604908792,6.119556006464425,2.137349504310044,6.149657025038586,2.1437727514824907,3.416665786866919,5.072159644334721,6.481989164134975,3.010256313665712,3.3458063934681443,7.246480586478009,0.42706979416237556,4.259652061261561,4.701326018296411,6.4068279692214425,2.4094174182619326,5.061973408186605,0.8536582806180472,3.080110667404717,3.566346910917254,5.963234457514967,4.548055630947032,3.5961710916501297,2.922265107400478,2.4996692679848906,2.9856840153191966,2.3896504727905152,2.193062916012897,6.647463882238739,6.351208838568496,1.275046001854627,3.92387670920754,2.2506757460708307,2.277001057668824,2.9945521704023585,2.5389533900500214,7.580177471156751,6.843515634616409,6.9949036351598055,0.0,3.3586829391159827,6.232473281955726,2.5546108168170916,6.185843165703618,4.459330718658288,6.741892862133725,3.445903266764238,6.843584565360088,3.0816048833066296
37.82302263160816,6.843597161910553,8.10698081936265,8.941781530978602,3.4304947369727206,0.8835774770112086,6.837016394877671,2.1900793947164967,1.7764981642711128,3.204195343715409,5.617519286815518,1.9176109999802275,6.778536118499005,8.544351313436847,5.250462830151724,8.273952196499259,2.0246364418144056,6.455127876137439,7.639623425589523,8.171905351139321,1.123132312654128,2.6983230693203,9.79915718409731,3.7144696859967423,4.314562084944187,7.691515530032046,9.351173512177228,0.9492728338342379,5.389586986954543,4.085386725707653,1.0781740900282353,4.2710198988034875,6.472810397994772,7.207395798418459,3.2345807090286924,5.509317548433508,2.6979997852911506,6.047976176595149,5.107329210146815,1.7059424563046257,8.49619132014542,7.868358447504659,4.460289626445045,1.084791678757403,1.2576618702749132,2.186835945297032,4.395864474913008,4.6673616940271865,9.91600925385368,9.77904979924186,9.75032983828432,3.3586829391159827,0.0,8.911482877192508,5.6395651669017965,7.306420703642924,5.326418851005325,9.355612925974535,5.925566227988793,8.83430473006293,1.620628661623213
29.069336165135738,5.043317840694867,1.501364043582076,1.126705626427799,5.5042063876251,8.564703842642617,2.1973516903958874,6.848385928269088,9.55138302961982,6.00932164321673,3.4486698190053504,7.317069948324073,2.2034269140027622,0.8902642955907126,4.147302365147746,1.7733263321844353,8.349629573153369,2.9335875119359174,1.282992632209095,2.908949686866165,9.03060832765927,6.91419309232952,1.070759859290406,5.812443183894316,5.991280400222867,1.814021914700567,1.1461894303155762,8.101400336567183,5.550041673198145,5.394790344785098,8.063296789372632,5.310880096304867,5.302526947726199,1.7164191223422578,6.57982420810405,3.4273345674726907,6.384739978834199,3.339191974155034,3.8999860627866045,7.213781338623016,2.5359958413842594,3.305117006870289,4.983067464724414,9.807508329605298,7.665800634859734,6.79022439567398,4.729553171111844,4.249583932583824,1.716514039674219,1.321894174124183,0.8623231236774932,6.232473281955726,8.911482877192508,0.0,3.7464714589788493,4.155368362227037,4.776546858676592,0.5389853966759484,2.985954114392705,2.208840665677216,7.662086715806421
32.21221302657151,5.295881145886168,2.5747889824326053,3.432284635816766,2.686912947711135,5.109589576077683,2.4770495310408167,3.452361525256122,5.944588055839326,3.5342937413284763,2.2510257316460955,3.8243872071211342,1.6217926207951232,3.7839041149541197,0.4172657142120867,4.034556794064679,4.698375649611564,0.8620564538504398,2.706013442128813,4.686293462312359,5.5110035410845315,4.45658947151129,4.794902959381609,2.1275443243091514,4.44087187131749,2.146717199625104,3.852217512408455,4.729024017093217,4.740108571264512,1.7009531746220268,5.026726976469654,3.5476977538552714,5.25967278514686,2.155414227442951,4.387654562710961,1.1148751873293,3.644483965995947,0.43110805513601624,0.8801106489179168,4.07646228679446,4.703840424227252,4.718253550555583,1.2795648796162644,6.377933205530195,4.39556057324316,3.8231054923485535,2.6881386159346605,1.7795442399145873,5.234077313395181,4.288905606721901,4.4682277927718665,2.5546108168170916,5.6395651669017965,3.7464714589788493,0.0,4.919910712096851,3.876134999997452,4.273581447649246,1.5038122122742137,4.771733476232797,4.785881941614684
32.282248620492034,0.9555885191821425,4.827393322925776,5.092131638012975,4.330482747802264,7.3860947719538315,2.756605911258786,5.948089229065273,8.623188066873535,4.147008140410422,2.723704655655761,6.485365796359843,3.8632274012706342,3.2783722159865207,5.0622645413996885,2.4221876301218703,7.749885871252633,4.731727956795882,3.4165856460646826,1.4357946305020433,7.927664998246861,4.6554911152994265,4.2891957637236136,5.915347194892004,3.108597391713495,4.745622206362722,5.2640608013821755,6.839927334028916,2.134216557317005,5.667677868064015,6.241964708942047,3.0525181205758196,1.3295231997968733,3.628689349545427,4.136845977059719,3.8254331068107765,4.676188584115315,4.814132210402462,4.26259207848986,5.766121727167758,1.9170305263154241,0.9608144186154893,5.442308152241696,8.38020721718669,6.314837179278608,5.228135322501049,3.2463823211566383,3.6934729543504212,3.8332125211303834,5.476583145549284,4.84611413300498,6.185843165703618,7.306420703642924,4.155368362227037,4.919910712096851,0.0,1.9829557565230402,4.19292892822098,3.4289431112521203,2.3954681289760673,5.709367257058405
33.65578620405837,1.7237968654185072,4.835527871416253,5.3939964334627115,2.4655826139218955,5.410404650379157,2.682280943916411,4.032876533858429,6.654071820321522,2.1688756274413463,1.7551897659446576,4.562294921107293,3.484171435558169,4.060854443013331,3.8652487831365403,3.444300961300143,5.828911012444132,4.0391918522633805,3.6283816985947297,2.973768117538259,5.952421660404569,2.7028514213181127,5.307617883859463,4.260577249545989,1.2920247178228188,4.589391095974216,5.691646353582281,4.863886479325823,0.8961026550002672,4.10070021442787,4.266529654067929,1.072887493040028,1.5119798425835993,3.5349191212726243,2.2044183299048763,2.7986839241658834,2.698672065851451,3.9416978992268707,3.039210000249575,3.789827107145007,3.3778505410126103,2.6014543160518615,3.978698615786866,6.398191456562156,4.338430295303333,3.2516211486810565,1.4750210405732378,2.2218563694483313,5.121570716117244,6.020554083617293,5.611228169166801,4.459330718658288,5.326418851005325,4.776546858676592,3.876134999997452,1.9829557565230402,0.0,5.025662370254777,2.6536039757221013,3.7984385047977742,3.7384837963315145
28.710185574424294,5.115907254505377,2.020970177100032,1.5166947765252965,5.934196538066647,9.034829874556213,2.5630097471367765,7.319728948084806,10.041787686964945,6.3946696886621694,3.8236864472231273,7.797418646140588,2.70821587012807,0.9702444356813601,4.670928687156473,1.7710616372486823,8.849875599041345,3.468226679571987,1.7195083509764617,2.8511203053293244,9.50842051153133,7.280827845222175,0.5318009960783565,6.324149040172973,6.273571764354419,2.349182058143476,1.3967028843896254,8.562569926076105,5.75381609698863,5.9091167084509335,8.483367027955897,5.639491010471722,5.4085748859142,2.202289014800795,6.9224611484490195,3.9033165974669077,6.790865050935699,3.87026191270649,4.391151454381125,7.652823905155288,2.425286437692684,3.2868078288614173,5.500149692843485,10.269832526773826,8.116835886514275,7.214848221771277,5.109428877482214,4.688251241189685,1.238717528073232,1.4064629070305013,0.65614245907057,6.741892862133725,9.355612925974535,0.5389853966759484,4.273581447649246,4.19292892822098,5.025662370254777,0.0,3.440217240769398,2.0279756433176495,8.066824362306443
31.990323530479664,3.873786322872272,2.4078674760782697,3.148620960841838,2.530355704070943,5.5968523625980735,1.0933575368689308,3.8838105247196366,6.632035709316987,3.128275739467406,0.8990970658300701,4.372156926936332,0.9587472440856202,2.704623107422816,1.715975583703392,2.715620007453043,5.476450156580836,1.3992386265693133,1.7207283709739902,3.220875081063235,6.076909464090219,4.071006385488973,3.90623635394782,3.058497590813577,3.531910537418068,2.070481515133735,3.5289689717671933,5.12237652123338,3.549516557240316,2.6855758677755106,5.0934949767891995,2.6863417153295135,3.8902564569947407,1.2910502741930485,3.8271028730168255,0.5289143037971862,3.445484674014014,1.3938311901033855,1.0699203478915518,4.229415609251227,3.290744379521493,3.222631043402219,2.333589507834249,6.829621892507089,4.680542259888436,3.818217251337305,1.9181217930780914,1.2719474867003404,4.153048675128501,3.9351700017536007,3.8275995009070294,3.445903266764238,5.925566227988793,2.985954114392705,1.5038122122742137,3.4289431112521203,2.6536039757221013,3.440217240769398,0.0,3.4284725758166923,4.716661440544782
29.94836999949232,3.3510382092683355,3.429952051301208,3.3212762209609163,5.473279134303794,8.702008771086124,2.3381771280157166,7.0573024506567394,9.847429644063553,5.657442221911492,3.3005979866863115,7.5851267015238655,3.2137445635609083,1.3885698903363901,5.081334964170252,0.7393836495967748,8.777775805900504,4.193055963025043,2.225099234142447,0.959673800456891,9.221816316184338,6.406452158545426,1.9739448971494478,6.472463877578246,5.087521875979559,3.5588615072369603,3.3434054280088437,8.17911086197861,4.3189210757703655,6.111182372681438,7.8421862281760095,4.684187115311317,3.7112047817675125,2.726553685704269,5.953609410437832,3.956582420978731,6.14140312707571,4.4760477888684935,4.497098280486946,7.155652084658268,0.47844010362492667,1.434654871611917,5.761400101068348,9.84888514471554,7.6791962622212475,6.649328376726664,4.44101517262467,4.3909426454340945,1.4377457153184952,3.427254398918124,2.668499115556731,6.843584565360088,8.83430473006293,2.208840665677216,4.771733476232797,2.3954681289760673,3.7984385047977742,2.0279756433176495,3.4284725758166923,0.0,7.354554470695634
36.706708663601354,5.224087539754084,7.047139432585507,7.8426194863881475,2.2027128652985657,1.9805556045280892,5.507767775567154,1.7807541794782478,3.2123210505396123,1.7035460770496569,4.252339615389305,1.9500140464407711,5.638428839128103,7.200090594564358,4.453366216655579,6.840381718331738,2.876243493262633,5.510392845138147,6.379100973310744,6.6404594614768335,2.48198074873998,1.0776983846939117,8.4761988401068,3.2894889696599607,2.69393355759784,6.654814021062986,8.235222585184117,1.5071654939935792,3.7689596864686155,3.539713449906891,0.5424717981742473,2.7063937567768934,4.852181736675183,6.005043146199032,1.6139522600826886,4.381948273565091,1.277351310760366,5.146564161015469,4.084992774852303,0.8941549571800821,6.9904747910356635,6.31267266959988,3.815587449661503,2.70541906292166,1.1175636909027233,0.9628588005361183,2.975831840003856,3.4494846340633014,8.513361673354376,8.648156185695294,8.518849045465789,3.0816048833066296,1.620628661623213,7.662086715806421,4.785881941614684,5.709367257058405,3.7384837963315145,8.066824362306443,4.716661440544782,7.354554470695634,0.0
% turbine_revenues (turbine_nr, period_nr, revenue)
1,1,135233
1,2,126675
1,3,118107
1,4,106308
1,5,96919
1,6,89243
1,7,77983
1,8,69741
1,9,60246
1,10,50784
1,11,43251
1,12,33680
1,13,20782
1,14,8077
2,1,135233
2,2,126675
2,3,118107
2,4,106308
2,5,96919
2,6,89243
2,7,77983
2,8,69741
2,9,60246
2,10,50784
2,11,43251
2,12,33680
2,13,20782
2,14,8077
3,1,135233
3,2,126675
3,3,118107
3,4,106308
3,5,96919
3,6,89243
3,7,77983
3,8,69741
3,9,60246
3,10,50784
3,11,43251
3,12,33680
3,13,20782
3,14,8077
4,1,135233
4,2,126675
4,3,118107
4,4,106308
4,5,96919
4,6,89243
4,7,77983
4,8,69741
4,9,60246
4,10,50784
4,11,43251
4,12,33680
4,13,20782
4,14,8077
5,1,135233
5,2,126675
5,3,118107
5,4,106308
5,5,96919
5,6,89243
5,7,77983
5,8,69741
5,9,60246
5,10,50784
5,11,43251
5,12,33680
5,13,20782
5,14,8077
6,1,135233
6,2,126675
6,3,118107
6,4,106308
6,5,96919
6,6,89243
6,7,77983
6,8,69741
6,9,60246
6,10,50784
6,11,43251
6,12,33680
6,13,20782
6,14,8077
7,1,2467
7,2,2343
7,3,2226
7,4,2115
7,5,2009
7,6,1908
7,7,1813
7,8,1722
7,9,1636
7,10,1554
7,11,1477
7,12,1403
7,13,1333
7,14,1266
8,1,9034
8,2,8582
8,3,8153
8,4,7745
8,5,7358
8,6,6990
8,7,6640
8,8,6308
8,9,5993
8,10,5693
8,11,5408
8,12,5138
8,13,4881
8,14,4637
9,1,9971
9,2,9472
9,3,8998
9,4,8548
9,5,8121
9,6,7715
9,7,7329
9,8,6963
9,9,6614
9,10,6284
9,11,5970
9,12,5671
9,13,5387
9,14,5118
10,1,6573
10,2,6244
10,3,5932
10,4,5635
10,5,5353
10,6,5086
10,7,4831
10,8,4590
10,9,4360
10,10,4142
10,11,3935
10,12,3738
10,13,3551
10,14,3374
11,1,5542
11,2,5264
11,3,5001
11,4,4751
11,5,4513
11,6,4288
11,7,4073
11,8,3870
11,9,3676
11,10,3492
11,11,3318
11,12,3152
11,13,2994
11,14,2844
12,1,2018
12,2,1917
12,3,1821
12,4,1730
12,5,1643
12,6,1561
12,7,1483
12,8,1409
12,9,1338
12,10,1271
12,11,1208
12,12,1147
12,13,1090
12,14,1035
13,1,6873
13,2,6529
13,3,6202
13,4,5892
13,5,5598
13,6,5318
13,7,5052
13,8,4799
13,9,4559
13,10,4331
13,11,4115
13,12,3909
13,13,3713
13,14,3528
14,1,4326
14,2,4109
14,3,3904
14,4,3709
14,5,3523
14,6,3347
14,7,3180
14,8,3021
14,9,2869
14,10,2726
14,11,2590
14,12,2460
14,13,2337
14,14,2220
15,1,5719
15,2,5433
15,3,5161
15,4,4903
15,5,4658
15,6,4425
15,7,4203
15,8,3993
15,9,3794
15,10,3604
15,11,3424
15,12,3252
15,13,3090
15,14,2935
16,1,4505
16,2,4279
16,3,4065
16,4,3862
16,5,3669
16,6,3485
16,7,3311
16,8,3146
16,9,2988
16,10,2839
16,11,2697
16,12,2562
16,13,2434
16,14,2312
17,1,9439
17,2,8967
17,3,8518
17,4,8092
17,5,7688
17,6,7303
17,7,6938
17,8,6591
17,9,6262
17,10,5948
17,11,5651
17,12,5368
17,13,5100
17,14,4845
18,1,8543
18,2,8115
18,3,7710
18,4,7324
18,5,6958
18,6,6610
18,7,6279
18,8,5965
18,9,5667
18,10,5384
18,11,5115
18,12,4859
18,13,4616
18,14,4385
19,1,5621
19,2,5339
19,3,5072
19,4,4819
19,5,4578
19,6,4349
19,7,4131
19,8,3925
19,9,3729
19,10,3542
19,11,3365
19,12,3197
19,13,3037
19,14,2885
20,1,4575
20,2,4346
20,3,4128
20,4,3922
20,5,3726
20,6,3540
20,7,3363
20,8,3194
20,9,3035
20,10,2883
20,11,2739
20,12,2602
20,13,2472
20,14,2348
21,1,3069
21,2,2915
21,3,2769
21,4,2631
21,5,2499
21,6,2374
21,7,2255
21,8,2143
21,9,2036
21,10,1934
21,11,1837
21,12,1745
21,13,1658
21,14,1575
22,1,1615
22,2,1534
22,3,1457
22,4,1384
22,5,1315
22,6,1249
22,7,1187
22,8,1127
22,9,1071
22,10,1017
22,11,966
22,12,918
22,13,872
22,14,829
23,1,6650
23,2,6317
23,3,6001
23,4,5701
23,5,5416
23,6,5145
23,7,4888
23,8,4643
23,9,4411
23,10,4191
23,11,3981
23,12,3782
23,13,3593
23,14,3413
24,1,8386
24,2,7966
24,3,7568
24,4,7189
24,5,6830
24,6,6488
24,7,6164
24,8,5856
24,9,5563
24,10,5285
24,11,5021
24,12,4769
24,13,4531
24,14,4304
25,1,3455
25,2,3282
25,3,3118
25,4,2962
25,5,2814
25,6,2673
25,7,2539
25,8,2412
25,9,2292
25,10,2177
25,11,2068
25,12,1965
25,13,1866
25,14,1773
26,1,6534
26,2,6207
26,3,5896
26,4,5602
26,5,5321
26,6,5055
26,7,4803
26,8,4562
26,9,4334
26,10,4118
26,11,3912
26,12,3716
26,13,3530
26,14,3354
27,1,2476
27,2,2352
27,3,2234
27,4,2122
27,5,2016
27,6,1915
27,7,1820
27,8,1729
27,9,1642
27,10,1560
27,11,1482
27,12,1408
27,13,1337
27,14,1271
28,1,4626
28,2,4394
28,3,4174
28,4,3966
28,5,3767
28,6,3579
28,7,3400
28,8,3230
28,9,3068
28,10,2915
28,11,2769
28,12,2631
28,13,2499
28,14,2374
29,1,6698
29,2,6363
29,3,6044
29,4,5742
29,5,5455
29,6,5182
29,7,4923
29,8,4677
29,9,4443
29,10,4221
29,11,4010
29,12,3809
29,13,3619
29,14,3438
30,1,5823
30,2,5531
30,3,5255
30,4,4992
30,5,4742
30,6,4505
30,7,4280
30,8,4066
30,9,3863
30,10,3669
30,11,3486
30,12,3312
30,13,3146
30,14,2989
31,1,3292
31,2,3127
31,3,2971
31,4,2822
31,5,2681
31,6,2547
31,7,2419
31,8,2298
31,9,2183
31,10,2074
31,11,1971
31,12,1872
31,13,1778
31,14,1689
32,1,1063
32,2,1009
32,3,959
32,4,911
32,5,865
32,6,822
32,7,781
32,8,742
32,9,705
32,10,669
32,11,636
32,12,604
32,13,574
32,14,545
33,1,4725
33,2,4488
33,3,4264
33,4,4051
33,5,3848
33,6,3656
33,7,3473
33,8,3299
33,9,3134
33,10,2977
33,11,2829
33,12,2687
33,13,2553
33,14,2425
34,1,5224
34,2,4962
34,3,4714
34,4,4478
34,5,4254
34,6,4042
34,7,3840
34,8,3648
34,9,3465
34,10,3292
34,11,3127
34,12,2971
34,13,2822
34,14,2681
35,1,1310
35,2,1244
35,3,1182
35,4,1123
35,5,1067
35,6,1013
35,7,962
35,8,914
35,9,869
35,10,825
35,11,784
35,12,745
35,13,707
35,14,672
36,1,9788
36,2,9298
36,3,8833
36,4,8391
36,5,7972
36,6,7573
36,7,7195
36,8,6835
36,9,6493
36,10,6168
36,11,5860
36,12,5567
36,13,5289
36,14,5024
37,1,2444
37,2,2321
37,3,2205
37,4,2095
37,5,1990
37,6,1891
37,7,1796
37,8,1706
37,9,1621
37,10,1540
37,11,1463
37,12,1390
37,13,1320
37,14,1254
38,1,2535
38,2,2408
38,3,2287
38,4,2173
38,5,2064
38,6,1961
38,7,1863
38,8,1770
38,9,1681
38,10,1597
38,11,1517
38,12,1441
38,13,1369
38,14,1301
39,1,4232
39,2,4020
39,3,3819
39,4,3628
39,5,3446
39,6,3274
39,7,3110
39,8,2955
39,9,2807
39,10,2667
39,11,2533
39,12,2407
39,13,2286
39,14,2172
40,1,9386
40,2,8916
40,3,8470
40,4,8047
40,5,7644
40,6,7262
40,7,6899
40,8,6554
40,9,6226
40,10,5915
40,11,5619
40,12,5338
40,13,5071
40,14,4818
41,1,2987
41,2,2837
41,3,2695
41,4,2560
41,5,2432
41,6,2311
41,7,2195
41,8,2085
41,9,1981
41,10,1882
41,11,1788
41,12,1699
41,13,1614
41,14,1533
42,1,866
42,2,822
42,3,781
42,4,742
42,5,705
42,6,670
42,7,636
42,8,604
42,9,574
42,10,545
42,11,518
42,12,492
42,13,467
42,14,444
43,1,8480
43,2,8056
43,3,7653
43,4,7270
43,5,6907
43,6,6561
43,7,6233
43,8,5921
43,9,5625
43,10,5344
43,11,5077
43,12,4823
43,13,4582
43,14,4353
44,1,4027
44,2,3825
44,3,3634
44,4,3452
44,5,3280
44,6,3116
44,7,2960
44,8,2812
44,9,2671
44,10,2538
44,11,2411
44,12,2290
44,13,2176
44,14,2067
45,1,1371
45,2,1302
45,3,1237
45,4,1175
45,5,1116
45,6,1060
45,7,1007
45,8,957
45,9,909
45,10,864
45,11,820
45,12,779
45,13,740
45,14,703
46,1,9301
46,2,8835
46,3,8394
46,4,7974
46,5,7575
46,6,7196
46,7,6837
46,8,6495
46,9,6170
46,10,5861
46,11,5568
46,12,5290
46,13,5025
46,14,4774
47,1,7491
47,2,7116
47,3,6760
47,4,6422
47,5,6101
47,6,5796
47,7,5506
47,8,5231
47,9,4969
47,10,4721
47,11,4485
47,12,4260
47,13,4047
47,14,3845
48,1,1467
48,2,1393
48,3,1323
48,4,1257
48,5,1194
48,6,1135
48,7,1078
48,8,1024
48,9,973
48,10,924
48,11,878
48,12,834
48,13,792
48,14,753
49,1,9610
49,2,9129
49,3,8673
49,4,8239
49,5,7827
49,6,7436
49,7,7064
49,8,6711
49,9,6375
49,10,6056
49,11,5753
49,12,5466
49,13,5192
49,14,4933
50,1,4461
50,2,4237
50,3,4026
50,4,3824
50,5,3633
50,6,3451
50,7,3279
50,8,3115
50,9,2959
50,10,2811
50,11,2670
50,12,2537
50,13,2410
50,14,2290
51,1,7379
51,2,7010
51,3,6659
51,4,6326
51,5,6010
51,6,5709
51,7,5424
51,8,5153
51,9,4895
51,10,4650
51,11,4418
51,12,4197
51,13,3987
51,14,3787
52,1,3882
52,2,3687
52,3,3503
52,4,3328
52,5,3161
52,6,3003
52,7,2853
52,8,2710
52,9,2575
52,10,2446
52,11,2324
52,12,2208
52,13,2097
52,14,1992
53,1,4106
53,2,3900
53,3,3705
53,4,3520
53,5,3344
53,6,3177
53,7,3018
53,8,2867
53,9,2724
53,10,2587
53,11,2458
53,12,2335
53,13,2218
53,14,2107
54,1,6114
54,2,5808
54,3,5517
54,4,5241
54,5,4979
54,6,4730
54,7,4494
54,8,4269
54,9,4056
54,10,3853
54,11,3660
54,12,3477
54,13,3303
54,14,3138
55,1,6289
55,2,5974
55,3,5675
55,4,5392
55,5,5122
55,6,4866
55,7,4622
55,8,4391
55,9,4172
55,10,3963
55,11,3765
55,12,3577
55,13,3398
55,14,3228
56,1,3644
56,2,3461
56,3,3288
56,4,3124
56,5,2968
56,6,2819
56,7,2678
56,8,2544
56,9,2417
56,10,2296
56,11,2181
56,12,2072
56,13,1969
56,14,1870
57,1,1232
57,2,1170
57,3,1111
57,4,1056
57,5,1003
57,6,953
57,7,905
57,8,860
57,9,817
57,10,776
57,11,737
57,12,700
57,13,665
57,14,632
58,1,4056
58,2,3853
58,3,3660
58,4,3477
58,5,3303
58,6,3138
58,7,2981
58,8,2832
58,9,2690
58,10,2556
58,11,2428
58,12,2307
58,13,2191
58,14,2082
59,1,5637
59,2,5355
59,3,5087
59,4,4833
59,5,4591
59,6,4361
59,7,4143
59,8,3936
59,9,3739
59,10,3552
59,11,3375
59,12,3206
59,13,3046
59,14,2893
60,1,6083
60,2,5778
60,3,5489
60,4,5215
60,5,4954
60,6,4706
60,7,4471
60,8,4247
60,9,4035
60,10,3833
60,11,3642
60,12,3460
60,13,3287
60,14,3122
% technician_demand(turbine_nr, technician_type, demand)
1,1,0
1,2,2
1,3,0
1,4,2
2,1,0
2,2,3
2,3,1
2,4,2
3,1,1
3,2,2
3,3,1
3,4,0
4,1,0
4,2,3
4,3,1
4,4,0
5,1,2
5,2,0
5,3,3
5,4,1
6,1,2
6,2,0
6,3,0
6,4,2
7,1,1
7,2,2
7,3,1
7,4,2
8,1,0
8,2,3
8,3,2
8,4,1
9,1,1
9,2,1
9,3,2
9,4,0
10,1,3
10,2,0
10,3,1
10,4,2
11,1,0
11,2,1
11,3,2
11,4,1
12,1,1
12,2,1
12,3,3
12,4,1
13,1,1
13,2,0
13,3,2
13,4,1
14,1,3
14,2,0
14,3,1
14,4,0
15,1,1
15,2,0
15,3,0
15,4,3
16,1,2
16,2,3
16,3,0
16,4,1
17,1,2
17,2,2
17,3,0
17,4,0
18,1,2
18,2,2
18,3,2
18,4,0
19,1,0
19,2,1
19,3,1
19,4,2
20,1,0
20,2,3
20,3,1
20,4,0
21,1,0
21,2,0
21,3,2
21,4,2
22,1,0
22,2,1
22,3,3
22,4,0
23,1,3
23,2,0
23,3,1
23,4,0
24,1,0
24,2,0
24,3,1
24,4,3
25,1,0
25,2,1
25,3,0
25,4,3
26,1,3
26,2,0
26,3,0
26,4,1
27,1,1
27,2,0
27,3,2
27,4,3
28,1,1
28,2,1
28,3,1
28,4,1
29,1,2
29,2,2
29,3,2
29,4,0
30,1,1
30,2,3
30,3,1
30,4,1
31,1,2
31,2,2
31,3,2
31,4,0
32,1,1
32,2,0
32,3,3
32,4,2
33,1,0
33,2,1
33,3,2
33,4,3
34,1,1
34,2,2
34,3,0
34,4,3
35,1,1
35,2,3
35,3,0
35,4,0
36,1,1
36,2,3
36,3,0
36,4,2
37,1,1
37,2,1
37,3,1
37,4,3
38,1,3
38,2,0
38,3,1
38,4,2
39,1,2
39,2,2
39,3,0
39,4,0
40,1,1
40,2,2
40,3,3
40,4,0
41,1,3
41,2,2
41,3,0
41,4,1
42,1,2
42,2,1
42,3,1
42,4,0
43,1,1
43,2,0
43,3,3
43,4,2
44,1,2
44,2,0
44,3,2
44,4,2
45,1,1
45,2,2
45,3,1
45,4,2
46,1,0
46,2,2
46,3,2
46,4,0
47,1,1
47,2,2
47,3,0
47,4,1
48,1,2
48,2,1
48,3,1
48,4,2
49,1,1
49,2,0
49,3,2
49,4,3
50,1,0
50,2,3
50,3,0
50,4,1
51,1,0
51,2,0
51,3,3
51,4,3
52,1,0
52,2,3
52,3,3
52,4,0
53,1,2
53,2,2
53,3,0
53,4,0
54,1,0
54,2,2
54,3,1
54,4,1
55,1,1
55,2,0
55,3,1
55,4,2
56,1,1
56,2,3
56,3,1
56,4,1
57,1,0
57,2,2
57,3,2
57,4,2
58,1,2
58,2,1
58,3,0
58,4,3
59,1,0
59,2,3
59,3,2
59,4,1
60,1,0
60,2,0
60,3,2
60,4,2
% time_demand(turbine_nr, time_demand)
1,4.5
2,2.5
3,3.0
4,4.5
5,3.0
6,2.5
7,2.5
8,5.5
9,5.0
10,5.5
11,3.5
12,6.0
13,4.5
14,3.5
15,5.0
16,3.0
17,3.0
18,5.5
19,3.0
20,5.5
21,5.0
22,4.5
23,5.0
24,4.0
25,5.0
26,6.0
27,4.0
28,4.0
29,4.5
30,4.5
31,4.5
32,5.5
33,5.0
34,2.5
35,3.5
36,2.5
37,4.5
38,3.5
39,5.5
40,4.5
41,5.5
42,5.0
43,5.0
44,4.5
45,6.0
46,3.0
47,4.0
48,3.0
49,4.5
50,5.0
51,2.5
52,5.0
53,4.5
54,4.5
55,2.5
56,5.5
57,3.0
58,3.5
59,5.0
60,3.0
% vessel capacities (vessel_nr, capacity)
1,24
2,24
% vessel parameters (vessel_nr, period, time_window, speed, cost_per_distance)
1,1,12.0,27,22.83
1,2,12.0,27,22.85
1,3,12.0,27,23.58
1,4,12.0,27,23.83
1,5,0.0,27,21.0
1,6,0.0,27,21.0
1,7,0.0,27,21.0
1,8,0.0,27,21.0
1,9,0.0,27,21.0
1,10,12.0,27,24.35
1,11,12.0,27,22.74
1,12,12.0,27,22.78
1,13,12.0,27,23.19
1,14,12.0,27,23.92
2,1,12.0,22,42.4
2,2,12.0,22,42.43
2,3,12.0,22,43.79
2,4,12.0,22,44.26
2,5,0.0,22,39.0
2,6,0.0,22,39.0
2,7,0.0,22,39.0
2,8,0.0,22,39.0
2,9,0.0,22,39.0
2,10,12.0,22,45.22
2,11,12.0,22,42.23
2,12,12.0,22,42.31
2,13,12.0,22,43.07
2,14,12.0,22,44.43
% technician_availability (period, technician_type, availability)
1,1,10
1,2,13
1,3,11
1,4,12
2,1,9
2,2,12
2,3,12
2,4,11
3,1,12
3,2,12
3,3,13
3,4,9
4,1,11
4,2,11
4,3,10
4,4,10
5,1,13
5,2,12
5,3,9
5,4,11
6,1,11
6,2,10
6,3,10
6,4,13
7,1,12
7,2,12
7,3,12
7,4,12
8,1,10
8,2,10
8,3,12
8,4,13
9,1,12
9,2,9
9,3,10
9,4,12
10,1,11
10,2,11
10,3,10
10,4,10
11,1,13
11,2,12
11,3,12
11,4,9
12,1,9
12,2,11
12,3,10
12,4,9
13,1,9
13,2,9
13,3,13
13,4,10
14,1,13
14,2,9
14,3,10
14,4,13
% safety distance
2
